1 9 17 36 56 69 94 123 137 177 178 179 188 189 208 228 275 290 297 300 303 312 340 372 389 398 401 418 435 477 488 492 493 502 507 534 538 548 550 586 594 607 609 651 665 666 674 680 737 740 743 750 773 790 846 855 864 926 929 933 982 
0 4 5 10 28 31 41 53 67 70 81 88 125 127 145 179 181 194 196 212 217 226 251 287 298 389 401 424 451 460 463 465 468 515 558 571 650 651 660 704 714 738 772 781 781 793 797 814 842 857 859 895 899 903 918 934 940 949 979 985 998 
49 67 78 89 113 116 128 133 170 206 228 245 312 313 318 330 339 341 348 354 378 412 416 419 436 455 482 528 532 611 619 621 623 661 668 675 676 682 699 713 732 740 747 765 777 796 804 811 899 908 909 965 966 967 971 971 977 991 993 995 1000 
9 17 24 44 76 134 135 144 165 172 174 178 216 218 240 243 249 291 324 325 344 348 354 373 386 400 408 436 470 471 497 549 557 574 600 612 637 646 648 655 671 713 714 716 727 734 747 747 765 784 808 812 820 825 863 883 892 939 941 963 974 
22 45 47 50 70 71 93 119 156 184 202 204 221 239 250 259 262 266 280 282 296 327 332 341 342 360 361 362 365 369 389 402 407 410 424 448 468 472 490 552 582 599 629 629 719 725 734 739 758 763 765 798 820 826 826 871 956 961 968 991 991 
2 9 18 32 56 61 66 73 78 100 106 107 112 136 220 236 239 274 296 312 339 366 389 401 402 425 447 454 468 484 487 510 515 521 547 581 601 607 611 624 648 668 695 708 715 729 750 772 792 796 808 827 828 849 902 915 935 952 983 984 988 
19 31 56 64 85 97 115 142 169 206 253 294 300 335 336 340 358 382 385 402 441 472 488 489 498 502 542 551 556 557 561 578 578 579 584 605 617 627 692 695 699 726 732 753 764 775 805 809 809 812 819 847 849 860 881 900 918 928 941 944 953 
21 34 37 64 71 104 139 140 151 161 170 190 232 239 244 258 270 291 332 335 356 360 366 392 433 446 450 482 490 505 526 537 562 605 646 656 660 666 667 675 698 718 719 725 734 737 755 778 780 835 838 844 858 862 894 916 943 958 979 980 996 
3 5 11 34 41 65 66 72 75 79 83 85 86 109 120 123 154 161 161 170 182 196 198 200 241 298 320 330 335 380 401 429 431 437 493 494 503 505 552 592 618 624 628 639 653 662 726 747 775 777 838 867 869 901 909 910 910 922 942 949 957 
17 40 45 52 60 68 73 105 111 120 120 169 172 180 186 191 201 216 219 232 233 259 277 291 299 300 301 327 344 377 407 413 417 432 433 486 536 573 587 600 671 720 748 751 762 765 785 809 829 850 877 896 914 917 920 923 933 933 945 955 998 
11 44 71 80 135 150 172 173 184 191 210 211 213 261 305 317 353 362 378 382 403 404 421 437 493 514 515 534 543 579 594 596 627 650 653 660 663 663 673 678 684 709 732 770 793 820 829 840 849 874 902 925 935 943 944 952 962 974 979 992 998 
14 24 39 40 52 66 80 86 212 218 220 221 221 235 244 260 260 272 285 285 323 344 346 360 385 410 425 460 467 479 512 522 524 533 536 553 556 560 590 611 616 621 639 644 651 656 666 696 734 773 838 840 842 851 874 875 917 918 967 971 990 
1 20 39 62 94 106 131 147 207 227 266 298 353 375 382 404 409 421 431 441 448 467 503 513 544 564 602 612 617 624 648 651 677 698 708 727 727 730 753 757 770 808 827 831 839 848 854 856 868 881 883 897 898 909 924 947 954 956 961 967 982 
4 35 37 45 68 69 75 93 126 128 160 166 199 232 253 269 286 291 319 387 400 422 460 467 480 488 530 570 593 598 604 611 645 652 659 665 672 700 717 730 733 741 742 751 772 773 782 788 791 805 818 824 827 833 853 855 856 882 912 924 984 
13 16 16 44 59 89 115 144 165 176 180 190 197 202 205 217 217 226 318 333 340 349 359 368 407 411 427 444 445 446 446 456 458 493 518 520 521 575 600 642 645 653 663 664 708 710 746 766 781 792 854 875 895 914 929 934 941 947 947 988 994 
62 65 85 113 146 151 158 163 171 174 199 203 208 217 219 237 247 248 302 314 314 343 393 417 417 432 433 449 458 461 462 472 487 489 504 521 530 557 615 615 615 621 647 658 678 682 683 710 714 736 761 786 791 867 874 891 900 907 977 979 995 
8 11 23 40 51 56 57 57 76 78 124 135 138 139 148 179 188 191 210 213 225 267 268 307 328 344 390 395 425 484 496 526 586 589 620 622 623 666 693 711 733 769 772 786 793 797 797 797 844 851 866 890 895 899 932 947 951 953 962 968 998 
86 102 110 114 161 174 178 187 191 192 215 250 263 295 306 312 325 336 359 371 376 381 387 401 428 437 448 473 479 514 531 533 534 547 572 577 581 583 585 591 610 623 635 636 676 693 719 722 752 752 757 758 766 768 775 813 834 857 861 888 925 
18 77 98 110 132 150 175 181 197 214 240 260 292 304 325 328 348 351 368 372 378 379 381 427 440 467 467 467 474 539 579 604 627 636 654 690 704 708 738 756 774 774 798 802 811 820 821 831 856 859 873 880 909 915 918 924 935 959 967 997 999 
8 16 33 43 43 46 52 56 59 86 125 127 133 140 145 160 168 182 185 192 201 206 213 215 215 218 229 240 249 282 313 318 319 330 331 378 397 407 410 429 475 482 509 518 538 542 608 666 681 686 688 715 728 768 827 841 849 895 934 938 967 
53 56 72 87 88 120 137 156 178 190 201 210 231 255 327 345 421 423 442 449 456 488 511 543 544 550 566 567 577 596 604 609 619 636 642 703 716 719 730 753 783 797 811 821 830 835 838 840 867 869 872 875 884 885 915 918 921 923 926 980 998 
11 31 41 68 76 81 96 96 112 113 117 132 150 157 171 175 198 203 220 297 308 310 375 376 386 394 437 455 471 473 486 495 506 519 531 545 553 592 614 629 649 655 721 744 744 745 750 751 789 816 849 854 863 869 879 883 895 913 947 969 998 
36 65 74 77 81 95 95 105 110 164 169 181 218 219 223 232 233 296 296 300 316 332 355 443 467 468 494 518 522 523 550 594 601 604 641 647 661 668 676 684 701 725 726 748 768 775 799 811 818 823 834 840 875 882 888 889 890 901 947 972 997 
1 18 35 42 66 70 73 85 132 157 174 176 189 207 213 225 254 276 276 291 324 402 407 441 458 483 503 509 523 527 535 594 600 604 621 633 641 643 666 684 715 728 731 743 764 772 786 794 796 812 817 840 870 884 889 892 900 921 924 953 975 
5 9 17 51 82 89 104 134 140 141 153 163 165 190 246 252 278 319 323 331 354 358 379 383 394 411 414 427 482 498 517 523 556 587 610 619 636 640 647 650 654 665 687 692 735 770 781 789 803 838 840 857 858 861 864 874 908 920 934 951 996 
2 7 20 30 34 52 75 79 80 86 105 111 134 149 169 185 208 236 257 278 293 312 412 430 444 449 451 471 474 484 505 513 554 558 578 608 622 624 624 625 626 635 652 702 704 754 790 794 804 815 821 855 872 891 896 900 914 916 969 978 989 
3 29 32 43 56 66 89 91 111 122 123 143 180 186 186 188 190 203 208 250 271 282 289 289 296 303 343 360 391 395 418 498 500 571 577 610 614 618 618 632 634 656 664 672 693 698 699 798 802 814 828 828 854 864 881 886 908 927 939 977 984 
10 15 26 50 50 57 63 92 104 107 132 155 156 161 171 183 220 238 246 248 285 295 296 313 315 335 338 365 370 371 382 416 423 428 478 502 527 546 554 566 577 578 583 685 690 723 771 791 803 821 825 826 846 849 862 931 931 940 945 964 1000 
9 27 29 30 53 80 87 90 101 106 138 139 142 177 192 193 197 201 256 263 288 327 342 351 354 359 395 402 407 446 469 473 490 491 499 517 519 520 553 559 581 671 672 687 687 744 745 748 756 783 785 799 870 871 884 884 888 890 926 928 968 
3 5 16 54 78 80 93 125 129 139 140 148 185 207 286 291 301 304 310 338 352 356 361 498 514 525 539 558 564 588 591 592 615 643 654 667 687 718 724 732 733 758 763 776 785 800 805 813 823 845 845 853 864 874 907 924 929 946 959 963 996 
14 45 50 57 61 90 99 100 101 121 189 233 234 239 240 306 314 316 340 373 388 413 417 418 469 475 482 484 494 500 535 536 537 566 571 593 608 624 625 659 667 712 712 716 761 774 785 795 830 842 864 865 868 899 909 916 930 932 961 968 994 
0 5 15 15 42 53 82 95 95 97 102 105 128 131 131 147 151 189 192 197 215 234 237 269 272 324 340 343 344 345 369 384 398 422 453 471 510 524 527 552 564 582 619 628 635 644 648 702 731 738 747 753 774 849 854 862 900 922 956 959 988 
62 82 119 130 140 144 153 158 165 190 194 252 254 254 291 321 323 353 362 369 397 397 400 405 426 435 438 458 466 519 523 526 539 547 609 632 660 672 674 689 695 696 708 715 721 762 775 785 820 820 831 882 900 909 940 947 966 977 982 987 992 
22 37 95 114 115 131 131 135 222 227 238 242 264 273 285 286 286 303 306 308 317 321 335 344 359 370 374 403 470 497 511 551 603 604 605 663 669 671 705 712 731 744 744 749 760 774 778 806 830 830 834 855 857 871 877 913 935 953 972 992 993 
21 34 49 71 83 110 119 123 135 168 174 181 199 213 222 229 237 239 247 334 335 354 364 366 374 394 399 437 483 487 519 538 579 579 612 636 648 653 654 658 660 674 681 751 761 770 795 797 802 804 822 837 851 875 879 882 883 932 945 978 991 
1 49 72 97 105 132 135 148 155 174 184 196 204 236 257 261 271 273 284 297 321 328 332 357 362 370 372 390 391 413 497 537 547 566 567 590 593 597 629 678 682 684 685 688 705 709 711 764 794 819 842 894 902 906 937 942 946 958 965 965 983 
55 96 115 121 122 138 169 217 220 227 237 244 270 287 303 311 321 339 341 342 368 373 384 396 410 436 451 468 557 575 576 585 592 619 630 642 642 653 660 676 702 734 739 741 750 798 811 812 834 843 852 854 865 867 894 903 909 914 929 963 980 
14 19 53 96 138 159 159 175 178 180 195 212 231 232 240 243 256 261 268 286 287 311 315 327 345 377 390 399 418 434 458 468 476 485 490 508 511 515 516 586 651 676 702 752 755 815 823 823 844 844 850 856 857 890 913 933 936 937 951 989 991 
19 31 53 54 67 86 92 116 131 192 196 224 258 288 304 305 305 319 331 335 360 376 378 390 391 398 423 431 458 495 496 534 543 559 574 583 593 606 634 645 652 675 719 746 759 761 795 828 837 841 853 857 858 863 874 889 912 970 987 990 995 
7 14 20 35 50 64 66 79 129 184 193 217 230 244 244 256 259 271 275 276 315 319 332 339 342 343 358 363 368 398 409 422 424 487 504 508 511 547 611 630 664 672 692 694 704 722 749 751 758 767 778 804 819 825 833 846 860 873 889 894 992 
16 17 30 139 157 163 191 196 203 204 213 214 218 226 230 249 257 273 282 316 335 357 387 396 402 411 412 415 449 491 512 522 536 554 564 585 591 594 595 601 619 638 638 676 698 703 779 792 794 822 824 830 842 862 871 932 935 959 960 971 989 
17 32 35 40 58 71 75 75 100 166 168 168 175 176 183 192 198 204 224 241 245 246 257 269 286 288 296 308 344 369 374 417 448 477 507 514 514 530 561 662 669 676 697 703 719 725 729 752 754 755 764 767 786 806 829 858 869 935 959 969 975 
0 9 13 19 21 60 74 83 139 155 203 238 290 291 298 307 356 385 413 415 458 489 494 503 514 530 534 542 547 564 581 591 592 596 624 638 691 707 724 783 787 791 792 793 799 849 883 903 908 927 931 933 936 936 940 949 950 960 970 983 998 
11 39 59 63 63 84 116 119 139 181 209 249 250 267 283 284 313 330 334 355 366 372 422 444 452 458 470 480 589 592 608 624 651 668 669 670 678 680 683 687 689 692 708 715 733 758 760 761 788 799 827 832 835 838 852 927 938 948 951 953 962 
0 36 49 105 109 115 137 141 165 199 204 236 238 242 242 253 260 272 352 398 407 448 492 496 507 511 511 514 540 543 554 588 614 662 677 689 696 706 730 738 749 752 761 762 774 779 788 799 803 807 808 826 834 872 916 939 946 948 979 988 1000 
8 33 38 62 69 77 91 126 130 139 142 146 207 207 217 244 245 249 252 299 308 312 319 324 345 355 368 373 378 385 440 440 495 495 499 511 513 516 560 622 650 694 700 716 725 735 743 759 786 789 796 834 838 839 850 884 906 912 920 926 935 
7 7 13 29 96 99 113 123 130 133 148 157 165 168 170 199 205 210 210 280 314 330 358 361 365 371 380 418 418 426 449 449 499 503 510 575 617 626 646 654 668 672 685 719 728 741 761 763 785 823 823 835 854 859 883 914 930 965 980 996 996 
5 24 34 78 81 83 85 100 127 152 169 209 214 229 237 273 275 300 301 304 305 358 361 386 388 411 418 435 484 508 512 549 569 599 600 604 637 640 649 652 669 678 693 697 699 758 768 770 784 794 796 797 800 800 835 840 871 881 914 915 929 
8 16 28 32 38 47 49 75 76 100 111 182 207 211 211 242 265 280 283 304 322 363 450 477 480 516 523 528 534 554 562 602 606 618 623 629 635 660 665 677 695 697 720 729 740 744 752 789 800 801 806 832 869 876 878 899 905 905 959 967 993 
28 35 52 60 71 80 81 100 101 105 132 169 176 177 231 234 241 245 260 265 293 314 321 373 387 412 415 451 517 542 542 554 556 560 573 588 620 629 640 657 732 756 779 791 801 807 807 826 860 902 904 907 922 932 934 937 953 953 954 974 984 
18 35 42 44 66 66 71 73 85 104 106 111 130 132 211 243 248 269 281 304 330 359 368 375 411 413 419 426 432 435 441 464 543 548 581 595 606 623 655 709 714 726 727 728 751 755 786 793 831 834 842 867 872 915 917 930 931 938 948 955 966 
31 41 57 61 93 131 171 173 180 196 219 226 230 231 243 293 364 378 397 399 400 401 411 441 442 453 486 486 489 504 527 550 570 578 579 587 601 666 670 671 675 692 700 701 709 713 717 770 770 779 781 816 823 841 849 862 867 876 894 914 956 
2 15 36 47 53 53 65 157 163 188 191 191 213 228 254 263 304 316 346 347 349 358 369 373 414 418 434 459 483 502 507 508 519 541 549 582 592 594 604 616 624 663 670 691 698 700 725 729 750 816 849 853 862 899 904 911 919 933 940 950 964 
16 58 63 75 110 116 150 162 196 233 260 264 267 299 299 311 320 321 389 422 429 453 457 475 480 507 517 518 519 528 532 543 554 555 577 586 613 616 643 646 646 662 669 683 687 688 761 810 820 836 843 848 850 871 895 897 918 965 967 979 999 
16 26 47 49 49 57 63 78 82 103 132 132 155 191 206 214 216 262 318 338 372 378 401 401 413 431 457 469 482 505 540 562 564 570 574 577 591 599 617 690 696 772 782 784 793 817 831 870 874 881 886 900 925 927 936 948 957 963 987 992 995 
7 9 25 43 51 80 83 85 89 109 122 135 154 165 168 169 180 188 209 226 226 227 253 259 283 344 369 378 424 431 448 465 475 478 486 500 519 536 553 612 627 628 629 633 636 664 680 681 686 776 776 806 816 823 824 831 834 844 869 895 988 
21 34 38 40 42 82 94 113 124 132 162 170 185 185 191 202 206 221 229 255 275 279 294 307 308 317 318 320 321 358 362 388 389 421 458 481 507 537 547 548 579 591 594 639 643 658 664 666 683 716 717 722 728 744 842 862 874 880 907 920 941 
72 98 125 142 151 161 166 170 172 187 190 203 207 212 223 223 248 260 275 284 319 327 339 348 375 421 430 435 445 450 481 502 517 520 520 530 541 557 577 635 654 658 671 677 689 691 692 780 786 796 796 831 846 878 882 891 912 924 969 987 989 
15 35 72 101 169 185 187 190 213 221 229 264 275 276 277 292 298 356 364 404 408 417 419 426 429 429 431 433 452 452 455 460 491 505 520 525 562 604 629 639 698 707 716 731 737 756 757 762 776 796 798 821 840 875 878 900 931 944 947 954 988 
10 37 57 79 111 144 153 158 159 168 180 208 233 237 242 277 281 297 316 323 327 393 446 456 475 477 492 517 530 537 542 581 669 686 720 729 732 745 766 790 805 814 815 830 832 851 855 857 864 865 873 893 907 919 944 954 957 959 980 987 1000 
17 30 98 100 103 202 255 273 315 317 349 350 374 377 381 389 403 431 443 448 481 511 527 530 541 547 577 590 590 591 636 649 659 666 684 693 711 745 770 771 772 780 791 799 800 877 900 903 911 928 946 946 962 963 964 967 980 987 990 994 999 
9 27 53 61 71 76 83 86 108 135 163 165 179 213 214 218 230 248 280 323 337 348 379 392 402 409 411 447 455 460 483 493 503 532 540 542 544 548 603 607 616 642 647 672 694 707 718 726 727 732 755 757 764 805 828 853 860 881 948 983 990 
11 22 37 50 59 69 76 77 112 121 152 162 172 202 218 219 227 275 283 289 327 362 387 399 460 461 462 477 477 551 573 586 586 587 597 620 629 651 662 668 684 708 709 710 723 727 735 783 801 836 843 859 871 874 897 902 944 954 961 976 998 
32 55 63 65 71 102 106 128 153 169 175 197 211 244 266 302 306 309 321 337 340 366 376 378 418 423 426 475 487 490 499 505 515 547 549 579 588 592 602 621 642 643 645 706 725 781 826 852 875 875 875 879 881 889 891 927 943 959 972 982 996 
2 15 24 33 34 41 69 71 78 80 89 114 122 174 213 226 263 287 314 354 368 420 425 444 488 491 491 491 502 524 573 573 578 590 605 620 626 627 632 633 653 658 701 750 776 780 812 820 862 863 865 872 878 879 892 895 933 961 989 991 1000 
1 51 107 121 123 132 152 159 177 179 250 261 278 297 301 314 319 330 333 344 360 365 381 404 404 419 419 445 452 519 526 538 541 545 555 564 604 617 621 644 659 689 696 710 750 751 769 790 806 885 893 914 934 936 942 942 947 948 963 966 992 
2 23 93 106 117 140 154 155 172 209 212 227 235 241 251 254 278 291 331 363 405 460 463 477 482 502 509 510 512 539 566 569 574 580 584 586 597 608 623 658 659 667 695 706 727 733 733 736 750 771 786 789 790 809 810 817 886 887 929 961 969 
22 22 22 32 33 38 51 54 88 91 93 97 103 160 198 209 227 255 264 275 277 338 375 376 388 410 411 419 451 472 473 476 511 518 527 529 550 554 566 591 611 612 651 671 675 732 745 750 762 764 769 774 802 828 842 870 870 881 899 940 985 
47 47 92 108 112 121 129 133 158 158 176 183 209 222 248 252 258 260 267 279 308 320 348 352 376 385 424 428 545 549 561 565 617 629 633 647 652 677 678 713 733 744 762 784 784 793 810 824 830 831 832 861 917 921 927 932 942 943 948 950 996 
5 5 7 31 49 53 90 97 98 113 140 142 164 196 196 201 294 305 333 351 359 374 404 438 441 468 473 474 492 504 514 516 545 555 584 586 608 635 648 660 676 677 691 691 699 709 776 779 794 795 802 806 814 844 860 870 871 909 943 946 976 
3 13 38 63 120 126 130 168 172 188 195 203 223 232 249 270 290 292 323 343 369 420 457 464 525 544 581 628 636 637 641 644 653 673 691 693 693 720 755 761 782 795 806 809 813 825 831 864 866 881 883 899 916 919 941 947 955 959 971 971 982 
5 28 48 73 78 92 113 115 134 140 142 175 176 183 203 210 211 218 221 222 243 258 276 292 311 313 360 417 442 452 462 464 486 603 619 643 670 695 713 714 717 734 736 737 743 762 762 764 792 817 824 836 840 848 922 929 957 959 986 992 993 
4 4 11 60 60 102 104 124 152 157 174 178 197 200 205 210 217 235 266 277 292 293 318 320 342 381 435 442 465 465 473 481 487 491 510 510 521 546 547 574 587 607 619 650 654 669 670 688 700 745 785 836 841 850 879 903 905 914 959 996 998 
6 19 28 58 69 81 92 94 119 131 132 153 154 157 203 209 210 215 227 244 260 271 303 321 380 407 427 439 459 468 469 493 495 522 527 558 563 573 588 613 615 674 704 733 736 751 754 855 867 872 879 887 890 897 903 944 944 964 982 989 990 
15 22 29 35 59 64 67 94 191 204 215 249 252 264 282 300 305 311 337 348 364 385 402 425 434 439 456 468 479 485 499 509 522 531 533 539 552 572 575 579 595 601 623 649 687 727 757 771 776 799 824 829 839 841 844 862 914 934 991 991 992 
24 32 42 51 61 112 126 160 161 163 174 211 235 241 287 290 298 302 302 321 336 343 351 356 366 380 414 414 417 418 420 425 437 467 474 475 477 499 508 511 520 571 574 577 591 608 613 628 641 674 685 686 780 823 846 883 891 937 969 974 988 
7 12 28 38 59 60 62 77 120 134 144 151 152 172 190 206 211 218 220 229 235 255 265 284 301 369 407 416 422 437 451 458 459 466 495 520 526 552 560 565 573 645 650 656 674 679 686 695 699 745 749 760 774 839 920 933 945 965 986 992 994 
0 29 32 39 44 80 107 108 111 113 129 133 166 167 198 206 232 240 290 293 303 323 332 336 356 363 364 367 399 419 427 437 464 471 508 530 552 562 565 582 612 629 636 669 674 693 701 706 716 735 749 752 778 780 789 814 819 824 866 892 914 
4 7 16 24 30 31 62 126 127 129 137 139 141 174 189 191 196 214 219 233 241 281 316 355 356 359 373 380 390 396 399 403 441 458 530 551 564 589 590 597 631 634 646 661 683 688 742 757 757 763 790 797 811 847 862 894 958 958 968 969 1000 
3 15 37 46 47 48 58 68 118 126 130 142 145 154 191 196 230 236 244 252 254 281 293 293 296 303 331 335 383 449 466 485 486 501 552 561 572 587 597 603 629 751 767 775 789 801 808 813 833 849 851 856 866 908 916 934 958 969 980 984 998 
88 111 120 136 139 143 151 160 164 171 193 203 207 220 226 229 301 322 330 381 389 395 401 408 409 412 438 487 492 496 535 587 593 608 614 625 633 651 653 657 662 679 694 703 712 719 733 739 760 819 840 871 874 892 902 906 931 972 972 980 992 
3 24 25 36 49 49 64 66 66 72 76 94 94 123 128 163 182 211 220 221 243 244 269 283 325 330 337 347 371 377 419 433 476 526 561 617 619 628 680 712 727 741 756 764 772 778 783 794 794 822 834 835 860 869 909 912 912 930 936 957 991 
26 58 74 120 121 143 160 174 200 214 239 248 256 289 310 389 407 409 427 429 447 473 481 483 490 492 498 505 556 570 588 589 591 603 604 638 648 657 672 685 724 740 758 762 765 788 833 848 850 864 876 881 887 897 899 909 913 941 947 956 960 
18 31 33 61 77 84 116 176 181 192 201 216 216 255 271 276 301 310 324 355 364 371 388 389 400 405 435 436 472 502 503 508 541 548 560 569 597 598 659 740 758 797 813 815 829 846 863 869 871 872 886 918 936 948 957 961 965 969 975 985 988 
32 46 67 129 129 132 135 139 146 154 171 175 191 217 225 262 309 314 331 338 373 379 382 402 405 417 441 462 483 496 509 536 563 575 583 587 594 601 602 605 619 635 656 688 692 695 701 703 767 796 796 806 852 858 884 885 895 916 930 937 961 
0 2 18 29 40 46 61 66 87 101 137 153 233 234 240 284 297 307 333 340 356 360 371 384 424 436 478 513 529 531 544 569 570 579 602 603 615 622 648 653 683 689 761 762 778 779 796 830 834 840 840 846 861 873 875 916 929 944 945 951 974 
