158
927
462
296
142
760
410
257
63
549
551
816
124
5
550
865
993
221
58
135
435
752
500
158
732
765
971
549
87
322
109
148
939
385
880
169
310
751
681
825
837
837
568
409
2
945
433
207
383
874
966
20
338
227
838
494
416
531
713
815
993
96
733
711
796
772
510
569
197
481
165
304
739
475
186
41
821
209
899
566
612
999
699
210
614
512
639
289
249
356
596
3
858
291
57
700
391
756
55
43
137
863
725
302
397
170
203
447
504
3
